# Experiment IPTS-36897 Run 226643
# Reduction 2.10.0.dev6
# Run title: Sample5_OCV-226642-2.
# Run start time: 2026-03-30T03:12:23.337195667
# Reduction time: Mon May 11 17:47:39 2026
# Q summing: False
# TOF weighted: False
# Bck in Q: False
# Theta offset: 0.0
# Stitching type: None
# Meta:{"wl_min": 2.679749638902263, "wl_max": 9.59605584978334, "q_min": 0.02742831783976636, "q_max": 0.09821950007383001, "theta": 0.02094661427349929, "start_time": "2026-03-30T03:12:23.337195667", "experiment": "IPTS-36897", "run_number": "226643", "run_title": "Sample5_OCV-226642-2.", "norm_run": 226560, "time": "Mon May 11 17:47:39 2026", "dq0": 0, "dq_over_q": 0.021933285354210227, "sequence_number": 2, "sequence_id": 226642, "q_summing": false, "specular_pixel": 150.0, "use_functional_bck": false, "scaling_factors": {"a": 25.0, "err_a": 0, "b": 0, "err_b": 0}, "tof_weighted": false, "bck_in_q": false, "theta_offset": 0.0}
# DataRun   NormRun   TwoTheta(deg)  LambdaMin(A)   LambdaMax(A) Qmin(1/A)    Qmax(1/A)    SF_A         SF_B          SF
# 226643    226560    2.40031        2.67975        9.59606      0.0274       0.0982       25.0         0            1.0         
# Q [1/Angstrom]        R                     dR                    dQ [FWHM]            
  0.0275960870579050    0.0133185988062055    0.0042220671879653    0.0006052728521007
  0.0277340674931945    0.0169852392293770    0.0011530090018702    0.0006082992163612
  0.0278727378306605    0.0158706500719253    0.0009658628387422    0.0006113407124430
  0.0280121015198138    0.0157037368432063    0.0009549603925171    0.0006143974160052
  0.0281521620274129    0.0151116047008822    0.0009049124582123    0.0006174694030852
  0.0282929228375499    0.0150484038352447    0.0008935777355891    0.0006205567501006
  0.0284343874517377    0.0148099329867834    0.0008696374151053    0.0006236595338511
  0.0285765593889964    0.0147538903045855    0.0008730858206977    0.0006267778315204
  0.0287194421859414    0.0160240565745052    0.0009249737241236    0.0006299117206780
  0.0288630393968711    0.0152444873930908    0.0008593686481771    0.0006330612792814
  0.0290073545938554    0.0149526698339215    0.0008745462449183    0.0006362265856778
  0.0291523913668247    0.0146204250376518    0.0008403401322961    0.0006394077186062
  0.0292981533236588    0.0142287155112654    0.0007932065015410    0.0006426047571992
  0.0294446440902771    0.0145112024334619    0.0007946555507432    0.0006458177809852
  0.0295918673107285    0.0145390761903514    0.0007778558442692    0.0006490468698901
  0.0297398266472821    0.0140475771584593    0.0007555050891282    0.0006522921042396
  0.0298885257805185    0.0148491946409378    0.0007874612233360    0.0006555535647608
  0.0300379684094211    0.0139482254058319    0.0007398111534121    0.0006588313325846
  0.0301881582514682    0.0135520560223202    0.0007142111301168    0.0006621254892475
  0.0303390990427256    0.0134900281973075    0.0007152647523431    0.0006654361166937
  0.0304907945379392    0.0137266041341837    0.0007007449616664    0.0006687632972772
  0.0306432485106289    0.0139946912846746    0.0007299083037429    0.0006721071137636
  0.0307964647531820    0.0131797386353636    0.0006562705483010    0.0006754676493324
  0.0309504470769479    0.0123501392886060    0.0006453417471463    0.0006788449875791
  0.0311051993123327    0.0117764219399848    0.0005788791943925    0.0006822392125170
  0.0312607253088943    0.0127485603801956    0.0006338153399691    0.0006856504085796
  0.0314170289354388    0.0133962815611631    0.0006547098932840    0.0006890786606225
  0.0315741140801160    0.0116199312046209    0.0005701306816211    0.0006925240539256
  0.0317319846505165    0.0105512507442698    0.0005319163628973    0.0006959866741952
  0.0318906445737691    0.0120112274835545    0.0005865995702986    0.0006994666075662
  0.0320500977966380    0.0116727713584677    0.0005812804268693    0.0007029639406040
  0.0322103482856212    0.0100176081114181    0.0004917026186780    0.0007064787603070
  0.0323714000270493    0.0110152371797602    0.0005210430134608    0.0007100111541086
  0.0325332570271845    0.0097327002354355    0.0004622704047465    0.0007135612098791
  0.0326959233123204    0.0100276709970897    0.0004795699050722    0.0007171290159285
  0.0328594029288820    0.0099037821449184    0.0004764080014165    0.0007207146610081
  0.0330236999435264    0.0085133166467984    0.0003967990073278    0.0007243182343132
  0.0331888184432441    0.0083651270057422    0.0003969956192533    0.0007279398254847
  0.0333547625354603    0.0085796021730444    0.0003991959470634    0.0007315795246122
  0.0335215363481376    0.0080427544802682    0.0003799426375215    0.0007352374222352
  0.0336891440298783    0.0079773037151821    0.0003932783952317    0.0007389136093464
  0.0338575897500276    0.0078078955116396    0.0003656464639981    0.0007426081773931
  0.0340268776987778    0.0074457411012598    0.0003515871508015    0.0007463212182801
  0.0341970120872717    0.0073417568644176    0.0003488311126753    0.0007500528243715
  0.0343679971477080    0.0072443652597845    0.0003286542005390    0.0007538030884934
  0.0345398371334466    0.0066007381293398    0.0003164951234300    0.0007575721039358
  0.0347125363191138    0.0064012328093497    0.0003005599100855    0.0007613599644555
  0.0348860990007094    0.0062635293393529    0.0002890935192320    0.0007651667642778
  0.0350605294957129    0.0060627238707735    0.0002966101637969    0.0007689925980992
  0.0352358321431915    0.0060171667904925    0.0002868056085698    0.0007728375610897
  0.0354120113039074    0.0052725094550703    0.0002537020174335    0.0007767017488951
  0.0355890713604269    0.0052921282478944    0.0002528589521619    0.0007805852576396
  0.0357670167172291    0.0050046192090437    0.0002428623178011    0.0007844881839278
  0.0359458518008152    0.0053004010297893    0.0002429041902498    0.0007884106248474
  0.0361255810598193    0.0050661744285267    0.0002415673464940    0.0007923526779717
  0.0363062089651184    0.0047806688451017    0.0002297471266000    0.0007963144413615
  0.0364877400099440    0.0044734348322568    0.0002061794865104    0.0008002960135683
  0.0366701787099937    0.0047908128276158    0.0002237234318933    0.0008042974936362
  0.0368535296035436    0.0043435932464025    0.0002078380434786    0.0008083189811044
  0.0370377972515614    0.0042177688199774    0.0001987483042396    0.0008123605760099
  0.0372229862378192    0.0044399903089079    0.0002086994981903    0.0008164223788899
  0.0374091011690083    0.0040287533210806    0.0001915178677434    0.0008205044907844
  0.0375961466748533    0.0038348912990517    0.0001898505866822    0.0008246070132383
  0.0377841274082275    0.0037392935633645    0.0001718016754342    0.0008287300483045
  0.0379730480452687    0.0035700793487217    0.0001721364427398    0.0008328736985460
  0.0381629132854950    0.0037620682764740    0.0001752434477948    0.0008370380670387
  0.0383537278519225    0.0039958494031176    0.0001850176089297    0.0008412232573739
  0.0385454964911821    0.0035430801920372    0.0001652187445119    0.0008454293736608
  0.0387382239736380    0.0036176240742455    0.0001674000381832    0.0008496565205291
  0.0389319150935062    0.0035598192472922    0.0001657877300542    0.0008539048031318
  0.0391265746689737    0.0033583599704691    0.0001580681986676    0.0008581743271474
  0.0393222075423186    0.0035721811339793    0.0001653235360971    0.0008624651987832
  0.0395188185800302    0.0035433934078850    0.0001585067119130    0.0008667775247771
  0.0397164126729303    0.0035366514279419    0.0001541747156768    0.0008711114124010
  0.0399149947362950    0.0034588706033303    0.0001506303093188    0.0008754669694630
  0.0401145697099764    0.0035973357482546    0.0001581298054079    0.0008798443043103
  0.0403151425585263    0.0036967216310026    0.0001551097742041    0.0008842435258318
  0.0405167182713189    0.0034517764700807    0.0001487923146298    0.0008886647434610
  0.0407193018626755    0.0037366153237224    0.0001534755891176    0.0008931080671783
  0.0409228983719889    0.0036217750155041    0.0001478005357579    0.0008975736075142
  0.0411275128638489    0.0036932630476937    0.0001540665556417    0.0009020614755517
  0.0413331504281681    0.0037204279854804    0.0001504963705542    0.0009065717829295
  0.0415398161803089    0.0037494124132409    0.0001529641196698    0.0009111046418442
  0.0417475152612105    0.0039116579229529    0.0001462451264479    0.0009156601650534
  0.0419562528375165    0.0036986011351843    0.0001491739858291    0.0009202384658786
  0.0421660341017041    0.0037079787455936    0.0001427207961917    0.0009248396582080
  0.0423768642722126    0.0037340581589054    0.0001418559071446    0.0009294638564991
  0.0425887485935737    0.0037505089336495    0.0001427113414855    0.0009341111757816
  0.0428016923365415    0.0039405071469132    0.0001448066346220    0.0009387817316605
  0.0430157007982242    0.0038700396064845    0.0001418970266373    0.0009434756403188
  0.0432307793022154    0.0037745935283005    0.0001432725109156    0.0009481930185204
  0.0434469331987264    0.0038651019403601    0.0001413542734555    0.0009529339836130
  0.0436641678647200    0.0040606747162185    0.0001423933615724    0.0009576986535310
  0.0438824887040437    0.0036884621651751    0.0001351158103061    0.0009624871467987
  0.0441019011475639    0.0036985239276646    0.0001326297027951    0.0009672995825327
  0.0443224106533017    0.0036513193928273    0.0001267451286177    0.0009721360804454
  0.0445440227065682    0.0034848919534283    0.0001218420036094    0.0009769967608476
  0.0447667428201010    0.0035756997578867    0.0001260520331800    0.0009818817446518
  0.0449905765342015    0.0035162263212682    0.0001223640614486    0.0009867911533751
  0.0452155294168725    0.0037305975508291    0.0001286226745338    0.0009917251091420
  0.0454416070639569    0.0036304174857202    0.0001245525066006    0.0009966837346877
  0.0456688150992767    0.0036833454428383    0.0001258580348225    0.0010016671533611
  0.0458971591747730    0.0031947024538291    0.0001127267588981    0.0010066754891279
  0.0461266449706469    0.0032694882110545    0.0001165486039693    0.0010117088665735
  0.0463572781955001    0.0031052731614314    0.0001079317961097    0.0010167674109064
  0.0465890645864776    0.0032269510927845    0.0001092428391937    0.0010218512479609
  0.0468220099094100    0.0030416867776246    0.0001050189962124    0.0010269605042007
  0.0470561199589570    0.0029795453993701    0.0001047270688956    0.0010320953067218
  0.0472914005587518    0.0027768148669352    0.0000971618477023    0.0010372557832554
  0.0475278575615456    0.0027381695380169    0.0000957183936669    0.0010424420621716
  0.0477654968493533    0.0027123516809660    0.0000972132165301    0.0010476542724825
  0.0480043243336001    0.0025358559622914    0.0000923547655083    0.0010528925438449
  0.0482443459552681    0.0025804571821406    0.0000919978869883    0.0010581570065641
  0.0484855676850444    0.0024094722266791    0.0000863001346095    0.0010634477915970
  0.0487279955234696    0.0022545116673457    0.0000843625019841    0.0010687650305549
  0.0489716355010870    0.0021815096044980    0.0000835353777917    0.0010741088557077
  0.0492164936785924    0.0022444907706345    0.0000862151123236    0.0010794793999863
  0.0494625761469853    0.0020470657240014    0.0000886248922483    0.0010848767969862
  0.0497098890277203    0.0019030681855364    0.0000792862175382    0.0010903011809711
  0.0499584384728589    0.0019977758970271    0.0000719399595762    0.0010957526868760
  0.0502082306652232    0.0017957736699003    0.0000746973054470    0.0011012314503103
  0.0504592718185493    0.0018631252521083    0.0000720172771994    0.0011067376075619
  0.0507115681776420    0.0015380522203024    0.0000646717757480    0.0011122712955997
  0.0509651260185302    0.0016987987991458    0.0000690026060262    0.0011178326520777
  0.0512199516486228    0.0015332442582644    0.0000657586248921    0.0011234218153381
  0.0514760514068660    0.0017580234218068    0.0000676106978996    0.0011290389244148
  0.0517334316639003    0.0015740252115891    0.0000666429844785    0.0011346841190369
  0.0519920988222198    0.0015507957295027    0.0000659724494995    0.0011403575396320
  0.0522520593163309    0.0014899418884986    0.0000622251660269    0.0011460593273302
  0.0525133196129125    0.0014599881826504    0.0000617177026039    0.0011517896239669
  0.0527758862109771    0.0014724769241501    0.0000626599863888    0.0011575485720867
  0.0530397656420320    0.0014428113784693    0.0000615109768523    0.0011633363149471
  0.0533049644702421    0.0014762733808051    0.0000580842977384    0.0011691529965219
  0.0535714892925933    0.0015417330638908    0.0000625848449965    0.0011749987615045
  0.0538393467390563    0.0014746809236488    0.0000618926250334    0.0011808737553120
  0.0541085434727516    0.0014484754453942    0.0000601900373483    0.0011867781240885
  0.0543790861901153    0.0015169370622811    0.0000590774936934    0.0011927120147090
  0.0546509816210659    0.0014455886038692    0.0000569447925746    0.0011986755747825
  0.0549242365291712    0.0015216747810038    0.0000573229884816    0.0012046689526564
  0.0551988577118171    0.0014064924721496    0.0000562639108887    0.0012106922974197
  0.0554748520003761    0.0013063432639394    0.0000529709862120    0.0012167457589068
  0.0557522262603780    0.0014709177313397    0.0000574147731515    0.0012228294877014
  0.0560309873916799    0.0014941934294510    0.0000586965307007    0.0012289436351399
  0.0563111423286383    0.0013578958634457    0.0000532353700619    0.0012350883533156
  0.0565926980402815    0.0014669466138011    0.0000561564898992    0.0012412637950821
  0.0568756615304829    0.0014172193223791    0.0000547407344620    0.0012474701140576
  0.0571600398381353    0.0014795655204178    0.0000545662523913    0.0012537074646278
  0.0574458400373259    0.0013909319739253    0.0000539995596316    0.0012599760019510
  0.0577330692375126    0.0013965308646949    0.0000522644813788    0.0012662758819607
  0.0580217345837001    0.0014343391715056    0.0000542573315619    0.0012726072613705
  0.0583118432566186    0.0013661112544988    0.0000549787747928    0.0012789702976774
  0.0586034024729017    0.0014497315972473    0.0000524778569754    0.0012853651491658
  0.0588964194852662    0.0013845681004767    0.0000524175296615    0.0012917919749116
  0.0591909015826925    0.0013841078693777    0.0000518219695385    0.0012982509347862
  0.0594868560906060    0.0014051952458961    0.0000514292375459    0.0013047421894601
  0.0597842903710590    0.0014490661921854    0.0000535755572257    0.0013112659004074
  0.0600832118229143    0.0013205507113297    0.0000496512178359    0.0013178222299094
  0.0603836278820289    0.0013173838036311    0.0000503184858172    0.0013244113410590
  0.0606855460214390    0.0012629373422768    0.0000478187831089    0.0013310333977643
  0.0609889737515462    0.0012743831401913    0.0000486676218313    0.0013376885647531
  0.0612939186203039    0.0013134502266412    0.0000471611682319    0.0013443770075769
  0.0616003882134054    0.0011438967824691    0.0000479575709123    0.0013510988926147
  0.0619083901544725    0.0012295385977184    0.0000481234391064    0.0013578543870778
  0.0622179321052448    0.0011382259045372    0.0000465050853911    0.0013646436590132
  0.0625290217657710    0.0011152976804620    0.0000435693685758    0.0013714668773083
  0.0628416668745999    0.0011390875766338    0.0000481131928698    0.0013783242116948
  0.0631558752089729    0.0011262669574858    0.0000450810159555    0.0013852158327533
  0.0634716545850177    0.0010679314264758    0.0000431285983773    0.0013921419119171
  0.0637890128579428    0.0009887894847873    0.0000432312236594    0.0013991026214766
  0.0641079579222325    0.0009250847730175    0.0000406710510914    0.0014060981345840
  0.0644284977118437    0.0008350637610357    0.0000395248393333    0.0014131286252569
  0.0647506402004029    0.0008013478296140    0.0000430566576256    0.0014201942683832
  0.0650743934014049    0.0008442458138159    0.0000405299173650    0.0014272952397251
  0.0653997653684119    0.0008954341643810    0.0000415321145102    0.0014344317159238
  0.0657267641952540    0.0007615726319892    0.0000412363733296    0.0014416038745034
  0.0660553980162302    0.0007394811861110    0.0000412986550330    0.0014488118938759
  0.0663856750063114    0.0006968167691436    0.0000400984078497    0.0014560559533453
  0.0667176033813429    0.0007724706398403    0.0000389599942884    0.0014633362331120
  0.0670511913982496    0.0007773654117788    0.0000393560696932    0.0014706529142776
  0.0673864473552409    0.0007361652205523    0.0000361587794681    0.0014780061788490
  0.0677233795920171    0.0006946787542921    0.0000366762586118    0.0014853962097432
  0.0680619964899772    0.0007072160805889    0.0000375182452211    0.0014928231907919
  0.0684023064724270    0.0006663439687642    0.0000365740711961    0.0015002873067459
  0.0687443180047892    0.0007149257407290    0.0000369204029971    0.0015077887432796
  0.0690880395948131    0.0007178360284173    0.0000349451480595    0.0015153276869960
  0.0694334797927871    0.0005990264430053    0.0000359202011022    0.0015229043254310
  0.0697806471917511    0.0006860803711871    0.0000342163397926    0.0015305188470581
  0.0701295504277098    0.0006453520085743    0.0000343443258791    0.0015381714412934
  0.0704801981798484    0.0006701137908274    0.0000351309689176    0.0015458622984999
  0.0708325991707476    0.0006444608484741    0.0000350955570653    0.0015535916099924
  0.0711867621666013    0.0006478914023532    0.0000353752943420    0.0015613595680424
  0.0715426959774343    0.0006959596554969    0.0000329438304593    0.0015691663658826
  0.0719004094573215    0.0005754297443231    0.0000328346802878    0.0015770121977120
  0.0722599115046081    0.0006515184125031    0.0000321169581883    0.0015848972587005
  0.0726212110621311    0.0006892899660441    0.0000325524355589    0.0015928217449941
  0.0729843171174418    0.0005839525543370    0.0000325115103027    0.0016007858537190
  0.0733492387030290    0.0006062976536030    0.0000327248532910    0.0016087897829876
  0.0737159848965441    0.0006554361158928    0.0000325557869322    0.0016168337319026
  0.0740845648210268    0.0006381428423810    0.0000327354916449    0.0016249179005621
  0.0744549876451319    0.0005953926419735    0.0000304546521849    0.0016330424900649
  0.0748272625833576    0.0006227226634456    0.0000308903375906    0.0016412077025152
  0.0752013988962744    0.0005729496256830    0.0000306339923850    0.0016494137410278
  0.0755774058907557    0.0005555575539582    0.0000319453624669    0.0016576608097329
  0.0759552929202095    0.0005890484243459    0.0000304155536986    0.0016659491137816
  0.0763350693848105    0.0005507946286641    0.0000298249146781    0.0016742788593505
  0.0767167447317346    0.0005599386149895    0.0000296971845532    0.0016826502536472
  0.0771003284553933    0.0005421013639540    0.0000293942843634    0.0016910635049155
  0.0774858300976702    0.0004670421169330    0.0000295532517145    0.0016995188224401
  0.0778732592481586    0.0004206147896564    0.0000286697992966    0.0017080164165523
  0.0782626255443993    0.0004521673905134    0.0000281664253892    0.0017165564986350
  0.0786539386721213    0.0004444268317337    0.0000274887990599    0.0017251392811282
  0.0790472083654819    0.0004767028857437    0.0000267946189818    0.0017337649775338
  0.0794424444073093    0.0004611107318259    0.0000270986676289    0.0017424338024215
  0.0798396566293459    0.0003742257916559    0.0000272707446236    0.0017511459714336
  0.0802388549124926    0.0004346539379865    0.0000270268701494    0.0017599017012908
  0.0806400491870551    0.0003902862784438    0.0000257355340417    0.0017687012097972
  0.0810432494329903    0.0004160953335872    0.0000249110327149    0.0017775447158462
  0.0814484656801553    0.0004154905097705    0.0000246584955768    0.0017864324394254
  0.0818557080085560    0.0003641682210663    0.0000243374289844    0.0017953646016226
  0.0822649865485988    0.0003376857509356    0.0000250223796983    0.0018043414246307
  0.0826763114813418    0.0003414580455471    0.0000257723961183    0.0018133631317538
  0.0830896930387485    0.0003333662055085    0.0000250490178771    0.0018224299474126
  0.0835051415039422    0.0003359125326461    0.0000247448555254    0.0018315420971497
  0.0839226672114619    0.0003260547093809    0.0000231352135894    0.0018406998076354
  0.0843422805475192    0.0003470811871885    0.0000238193000701    0.0018499033066736
  0.0847639919502568    0.0003347939725655    0.0000242126925159    0.0018591528232070
  0.0851878119100081    0.0003229138185447    0.0000240069483473    0.0018684485873230
  0.0856137509695581    0.0003632768397003    0.0000250504727752    0.0018777908302596
  0.0860418197244059    0.0003108484858144    0.0000228750603826    0.0018871797844109
  0.0864720288230279    0.0003334748384787    0.0000235509091120    0.0018966156833330
  0.0869043889671431    0.0002945598276315    0.0000226335541343    0.0019060987617496
  0.0873389109119788    0.0003348458712635    0.0000222053551143    0.0019156292555584
  0.0877756054665386    0.0003004096546517    0.0000218813706733    0.0019252074018362
  0.0882144834938713    0.0003196744925963    0.0000227960822802    0.0019348334388453
  0.0886555559113407    0.0002915294954654    0.0000221201040955    0.0019445076060396
  0.0890988336908974    0.0003024868808257    0.0000212050403480    0.0019542301440698
  0.0895443278593518    0.0002785285559866    0.0000220810968702    0.0019640012947901
  0.0899920494986486    0.0002917516843231    0.0000216018873796    0.0019738213012641
  0.0904420097461418    0.0003012098063619    0.0000212034137377    0.0019836904077704
  0.0908942197948725    0.0003000382713230    0.0000206211648099    0.0019936088598092
  0.0913486908938469    0.0002807333745796    0.0000209254162509    0.0020035769041083
  0.0918054343483161    0.0002127407195018    0.0000206406790822    0.0020135947886288
  0.0922644615200577    0.0002623757213641    0.0000228882024430    0.0020236627625720
  0.0927257838276579    0.0002517112156387    0.0000238807727263    0.0020337810763848
  0.0931894127467962    0.0002621355372584    0.0000211668646981    0.0020439499817668
  0.0936553598105302    0.0002430394292621    0.0000215705743001    0.0020541697316756
  0.0941236366095829    0.0002201694787208    0.0000216094396575    0.0020644405803340
  0.0945942547926308    0.0002141336180246    0.0000198813732490    0.0020747627832356
  0.0950672260665939    0.0002446095081514    0.0000207287728960    0.0020851365971518
  0.0955425621969268    0.0002201992243077    0.0000212400149892    0.0020955622801376
  0.0960202750079115    0.0001952157061095    0.0000208301688464    0.0021060400915383
  0.0965003763829510    0.0001815451012605    0.0000198311255671    0.0021165702919960
  0.0969828782648658    0.0001942697686644    0.0000200630593400    0.0021271531434559
  0.0974677926561901    0.0001954120101557    0.0000204659368069    0.0021377889091732
  0.0979551316194710    0.0001622751180234    0.0000220960833650    0.0021484778537191
